0.11104441776710684
0.368547418967587
0.6086434573829532
0.7178871548619448
0.7653061224489796
0.7857142857142857
0.7028811524609844
0.8001200480192077
0.8199279711884754
0.8547418967587035
0.8619447779111644
0.7334933973589436
0.8751500600240096
0.8805522208883554
0.8865546218487395
0.8955582232893158
0.7605042016806722
0.8913565426170468
0.897358943577431
0.9021608643457383
0.9105642256902761
0.790516206482593
0.9081632653061225
0.9159663865546218
0.921968787515006
0.9195678271308524
0.8043217286914766
0.9165666266506602
0.9303721488595438
0.924969987995198
0.9327731092436975
0.8271308523409364
0.9315726290516206
0.9333733493397359
0.9345738295318127
0.9339735894357744
0.8343337334933973
0.9009603841536614
0.936374549819928
0.9375750300120048
0.9375750300120048
0.8391356542617047
0.9273709483793517
0.9369747899159664
0.9369747899159664
0.9375750300120048
0.8499399759903962
0.9375750300120048
0.9423769507803121
0.9423769507803121
0.9447779111644657
