0.1056422569027611
0.4021608643457383
0.6092436974789915
0.7046818727490997
0.6458583433373349
0.7887154861944778
0.8253301320528211
0.7118847539015606
0.8373349339735895
0.851140456182473
0.734093637454982
0.8619447779111644
0.8763505402160864
0.7454981992797118
0.8781512605042017
0.8937575030012005
0.765906362545018
0.8817527010804321
0.9009603841536614
0.7779111644657863
0.9123649459783914
0.9117647058823529
0.787515006002401
0.8943577430972389
0.9171668667466987
0.8073229291716687
0.9111644657863145
0.9207683073229291
0.812124849939976
0.9261704681872749
0.9255702280912365
0.8205282112845138
0.9153661464585834
0.9273709483793517
0.8331332533013205
0.9303721488595438
0.9327731092436975
0.8457382953181273
0.936374549819928
0.9309723889555822
0.8523409363745498
0.9375750300120048
0.9411764705882353
0.8607442977190877
0.929171668667467
0.9405762304921969
0.8643457382953181
0.9381752701080432
0.9387755102040817
0.8703481392557023
0.936374549819928
