0.10264105642256903
0.4459783913565426
0.5690276110444178
0.6764705882352942
0.7719087635054022
0.7947178871548619
0.8301320528211285
0.8415366146458584
0.8697478991596639
0.858343337334934
0.8721488595438175
0.7839135654261705
0.8883553421368547
0.8913565426170468
0.8967587034813925
0.8997599039615847
0.7839135654261705
0.6902761104441777
0.868547418967587
0.7665066026410564
0.84093637454982
0.9141656662665066
0.9171668667466987
0.8187274909963985
0.918967587034814
0.9261704681872749
0.9273709483793517
0.929171668667467
0.9303721488595438
0.8811524609843937
0.8211284513805522
0.9345738295318127
0.9357743097238895
0.936374549819928
0.8427370948379351
0.9351740696278511
0.9351740696278511
0.9369747899159664
0.9387755102040817
0.9387755102040817
0.8643457382953181
0.8955582232893158
0.93937575030012
0.9417767106842737
0.8661464585834334
0.804921968787515
0.9375750300120048
0.8673469387755102
0.93937575030012
0.943577430972389
0.8925570228091236
