0.11644657863145258
0.32713085234093636
0.3127250900360144
0.5900360144057623
0.7100840336134454
0.631452581032413
0.7677070828331333
0.804921968787515
0.8253301320528211
0.8367346938775511
0.8373349339735895
0.641656662665066
0.8229291716686674
0.8679471788715486
0.8739495798319328
0.8751500600240096
0.748499399759904
0.6356542617046819
0.8727490996398559
0.6794717887154862
0.7767106842737095
0.8997599039615847
0.8967587034813925
0.7827130852340937
0.8847539015606243
0.9057623049219687
0.7917166866746699
0.9153661464585834
0.9129651860744298
0.8673469387755102
0.7989195678271308
0.9015606242496998
0.8787515006002401
0.924969987995198
0.8169267707082833
0.9093637454981993
0.9255702280912365
0.8331332533013205
0.9243697478991597
0.8871548619447779
0.851140456182473
0.8709483793517407
0.7677070828331333
0.8997599039615847
0.8367346938775511
0.7923169267707083
0.8943577430972389
0.8343337334933973
0.9303721488595438
0.8601440576230492
0.9015606242496998
