0.08703481392557023
0.5168067226890757
0.5168067226890757
0.765906362545018
0.8673469387755102
0.8961584633853541
0.9105642256902761
0.9195678271308524
0.9213685474189676
0.9333733493397359
0.9369747899159664
0.9411764705882353
0.9459783913565426
0.9447779111644657
0.9531812725090036
0.9519807923169268
0.9525810324129652
0.9555822328931572
0.9555822328931572
0.9597839135654261
0.9621848739495799
0.9651860744297719
0.9663865546218487
0.9663865546218487
0.9699879951980792
0.9693877551020408
0.9687875150060024
0.9717887154861945
0.9735894357743097
0.9735894357743097
0.9741896758703481
0.9741896758703481
0.9747899159663865
0.978391356542617
0.9795918367346939
0.9759903961584634
0.9759903961584634
0.9759903961584634
0.975390156062425
0.9765906362545018
0.9789915966386554
0.975390156062425
0.975390156062425
0.9789915966386554
0.9759903961584634
0.9777911164465787
0.9813925570228091
0.9795918367346939
0.9807923169267707
0.9801920768307323
0.9837935174069627
