0.11104441776710684
0.7851140456182473
0.89015606242497
0.9069627851140456
0.9183673469387755
0.9333733493397359
0.9423769507803121
0.943577430972389
0.9489795918367347
0.9585834333733494
0.9573829531812725
0.9651860744297719
0.9651860744297719
0.9693877551020408
0.9693877551020408
0.9747899159663865
0.9765906362545018
0.9777911164465787
0.9759903961584634
0.9807923169267707
0.9807923169267707
0.978391356542617
0.9849939975990396
0.9831932773109243
0.9873949579831933
0.9867947178871549
0.9873949579831933
0.9867947178871549
0.9885954381752701
0.9873949579831933
0.9903961584633854
0.9885954381752701
0.9897959183673469
0.9897959183673469
0.9867947178871549
0.9897959183673469
0.9933973589435774
0.9909963985594238
0.9873949579831933
0.992797118847539
0.9903961584633854
0.9909963985594238
0.9909963985594238
0.9921968787515006
0.9915966386554622
0.9939975990396158
0.9939975990396158
0.9939975990396158
0.9915966386554622
0.9915966386554622
0.9891956782713085
