0.09003601440576231
0.5198079231692677
0.8523409363745498
0.8853541416566627
0.9279711884753902
0.9183673469387755
0.9333733493397359
0.9375750300120048
0.946578631452581
0.9495798319327731
0.9543817527010804
0.960984393757503
0.957983193277311
0.960984393757503
0.9603841536614646
0.9669867947178872
0.9723889555822329
0.9723889555822329
0.9705882352941176
0.9729891956782714
0.975390156062425
0.9699879951980792
0.9741896758703481
0.9747899159663865
0.9747899159663865
0.9789915966386554
0.9789915966386554
0.9789915966386554
0.9801920768307323
0.9801920768307323
0.9789915966386554
0.9795918367346939
0.9813925570228091
0.9813925570228091
0.9801920768307323
0.9843937575030012
0.9813925570228091
0.9819927971188476
0.985594237695078
0.9867947178871549
0.9885954381752701
0.9873949579831933
0.982593037214886
0.985594237695078
0.9873949579831933
0.985594237695078
0.9879951980792316
0.9861944777911165
0.9891956782713085
0.9909963985594238
0.9867947178871549
