0.1134453781512605
0.49819927971188477
0.695078031212485
0.7635054021608644
0.7911164465786314
0.8175270108043218
0.8355342136854742
0.8361344537815126
0.8667466986794717
0.8673469387755102
0.8751500600240096
0.8787515006002401
0.8883553421368547
0.8889555822328932
0.8961584633853541
0.9027611044417767
0.8997599039615847
0.9087635054021609
0.9141656662665066
0.9225690276110444
0.9243697478991597
0.9255702280912365
0.929171668667467
0.9207683073229291
0.9273709483793517
0.9147659063625451
0.921968787515006
0.9375750300120048
0.9339735894357744
0.9357743097238895
0.9339735894357744
0.9357743097238895
0.9375750300120048
0.9381752701080432
0.9387755102040817
0.9381752701080432
0.9453781512605042
0.9411764705882353
0.9417767106842737
0.9423769507803121
0.9447779111644657
0.9423769507803121
0.9369747899159664
0.9453781512605042
0.9405762304921969
0.9471788715486195
0.9477791116446579
0.9489795918367347
0.9459783913565426
0.9483793517406963
0.9471788715486195
