0.10804321728691477
0.6398559423769508
0.8517406962785115
0.882953181272509
0.9105642256902761
0.9171668667466987
0.9237695078031213
0.9171668667466987
0.9351740696278511
0.9351740696278511
0.946578631452581
0.9525810324129652
0.9537815126050421
0.9555822328931572
0.9501800720288115
0.9621848739495799
0.960984393757503
0.9633853541416567
0.9663865546218487
0.9645858343337335
0.9717887154861945
0.9687875150060024
0.9699879951980792
0.9729891956782714
0.9729891956782714
0.9723889555822329
0.978391356542617
0.978391356542617
0.9801920768307323
0.9807923169267707
0.9813925570228091
0.9795918367346939
0.9801920768307323
0.982593037214886
0.9819927971188476
0.9819927971188476
0.9831932773109243
0.9819927971188476
0.9849939975990396
0.9819927971188476
0.9819927971188476
0.9819927971188476
0.9843937575030012
0.9831932773109243
0.9843937575030012
0.9861944777911165
0.9861944777911165
0.9843937575030012
0.9849939975990396
0.9849939975990396
0.9867947178871549
