0.10324129651860744
0.7845138055222088
0.8907563025210085
0.9015606242496998
0.9255702280912365
0.9315726290516206
0.9405762304921969
0.9477791116446579
0.9519807923169268
0.9561824729891957
0.9561824729891957
0.9603841536614646
0.9615846338535414
0.9597839135654261
0.9603841536614646
0.9663865546218487
0.9687875150060024
0.9705882352941176
0.9717887154861945
0.9735894357743097
0.9771908763505402
0.975390156062425
0.9789915966386554
0.978391356542617
0.9771908763505402
0.9789915966386554
0.978391356542617
0.982593037214886
0.9795918367346939
0.985594237695078
0.9837935174069627
0.9843937575030012
0.9837935174069627
0.9849939975990396
0.9837935174069627
0.9861944777911165
0.9843937575030012
0.9849939975990396
0.9843937575030012
0.9873949579831933
0.9861944777911165
0.9885954381752701
0.9891956782713085
0.9891956782713085
0.9891956782713085
0.9897959183673469
0.9897959183673469
0.9915966386554622
0.9879951980792316
0.9879951980792316
0.9903961584633854
