0.07262905162064826
0.28391356542617047
0.28391356542617047
0.3955582232893157
0.6860744297719088
0.656062424969988
0.6368547418967587
0.5984393757503002
0.6584633853541416
0.8247298919567827
0.8037214885954381
0.5918367346938775
0.8007202881152461
0.7352941176470589
0.804921968787515
0.7490996398559424
0.6710684273709484
0.7160864345738295
0.8775510204081632
0.6662665066026411
0.7863145258103241
0.8781512605042017
0.8355342136854742
0.6812725090036015
0.8361344537815126
0.8883553421368547
0.7653061224489796
0.9003601440576231
0.9027611044417767
0.8631452581032413
0.8055222088835534
0.8955582232893158
0.882953181272509
0.9207683073229291
0.7929171668667467
0.9267707082833133
0.9243697478991597
0.9243697478991597
0.8109243697478992
0.7262905162064826
0.7557022809123649
0.7082833133253301
0.6290516206482593
0.8673469387755102
0.8235294117647058
0.804921968787515
0.9039615846338536
0.8661464585834334
0.8331332533013205
0.8991596638655462
0.904561824729892
