0.0142000000923872
0.6244000196456909
0.8384000062942505
0.8763999938964844
0.8137999773025513
0.8345999717712402
0.8191999793052673
0.8632000088691711
0.8637999892234802
0.8600000143051147
0.8745999932289124
0.39800000190734863
0.8978000283241272
0.881600022315979
0.8938000202178955
0.8962000012397766
0.9233999848365784
0.6057999730110168
0.7149999737739563
0.9259999990463257
0.5324000120162964
0.8978000283241272
0.8996000289916992
0.9444000124931335
0.8593999743461609
0.9128000140190125
0.9157999753952026
0.9165999889373779
0.926800012588501
0.598800003528595
0.4032000005245209
0.9423999786376953
0.9272000193595886
0.9276000261306763
0.9455999732017517
0.9351999759674072
0.9312000274658203
0.9251999855041504
0.9294000267982483
0.9341999888420105
0.9401999711990356
0.9589999914169312
0.9272000193595886
0.9399999976158142
0.9646000266075134
0.9624000191688538
0.9405999779701233
0.9575999975204468
0.909600019454956
0.9308000206947327
0.6904000043869019
