0.0
0.0
0.0
0.42080000042915344
0.823199987411499
0.84579998254776
0.8744000196456909
0.9125999808311462
0.9070000052452087
0.9121999740600586
0.9243999719619751
0.944599986076355
0.9178000092506409
0.9296000003814697
0.9215999841690063
0.9363999962806702
0.7228000164031982
0.5514000058174133
0.9706000089645386
0.9603999853134155
0.9800000190734863
0.9391999840736389
0.9355999827384949
0.9581999778747559
0.95660001039505
0.9467999935150146
0.9441999793052673
0.9490000009536743
0.9467999935150146
0.9724000096321106
0.9661999940872192
0.9359999895095825
0.9509999752044678
0.949999988079071
0.7666000127792358
0.9516000151634216
0.9535999894142151
0.9556000232696533
0.9535999894142151
0.9535999894142151
0.7483999729156494
0.954200029373169
0.9603999853134155
0.9567999839782715
0.7922000288963318
0.6556000113487244
0.9620000123977661
0.9696000218391418
0.954200029373169
0.9549999833106995
0.974399983882904
