0.14300000667572021
0.4927999973297119
0.6028000116348267
0.7803999781608582
0.8205999732017517
0.8398000001907349
0.8637999892234802
0.8485999703407288
0.8762000203132629
0.8804000020027161
0.8877999782562256
0.9273999929428101
0.8935999870300293
0.9071999788284302
0.9142000079154968
0.9089999794960022
0.9412000179290771
0.9787999987602234
0.8863999843597412
0.5734000205993652
0.9046000242233276
0.9332000017166138
0.9390000104904175
0.6413999795913696
0.9398000240325928
0.9291999936103821
0.9218000173568726
0.9312000274658203
0.9277999997138977
0.9552000164985657
0.9656000137329102
0.9110000133514404
0.9332000017166138
0.9448000192642212
0.9577999711036682
0.9233999848365784
0.9441999793052673
0.9362000226974487
0.9467999935150146
0.9401999711990356
0.965399980545044
0.7674000263214111
0.9495999813079834
0.9473999738693237
0.9588000178337097
0.9570000171661377
0.9297999739646912
0.723800003528595
0.9557999968528748
0.954800009727478
0.9675999879837036
