0.11404561996459961
0.3805522322654724
0.4861944913864136
0.6710684299468994
0.8133253455162048
0.831932783126831
0.8421368598937988
0.8613445162773132
0.8655462265014648
0.8709483742713928
0.8799519538879395
0.750900387763977
0.890156090259552
0.89555823802948
0.8931572437286377
0.9057623147964478
0.8601440787315369
0.686074435710907
0.8361344337463379
0.7983193397521973
0.7947179079055786
0.9141656756401062
0.918367326259613
0.8235294222831726
0.9087635278701782
0.9273709654808044
0.9255702495574951
0.929771900177002
0.9351740479469299
0.8301320672035217
0.7767106890678406
0.9303721785545349
0.9363745450973511
0.9321728944778442
0.8937575221061707
0.9351740479469299
0.9381752610206604
0.9375750422477722
0.9447779059410095
0.941776692867279
0.8907563090324402
0.8697478771209717
0.941776692867279
0.9405762553215027
0.9081632494926453
0.866146445274353
0.9459784030914307
0.866746723651886
0.9315726161003113
0.94777911901474
0.866746723651886
