0.0012000000569969416
0.9667999744415283
0.9667999744415283
0.4058000147342682
0.8568000197410583
0.8966000080108643
0.9129999876022339
0.9661999940872192
0.545799970626831
0.894599974155426
0.9110000133514404
0.680400013923645
0.9222000241279602
0.5673999786376953
0.920199990272522
0.9617999792098999
0.7983999848365784
0.9787999987602234
0.9093999862670898
0.7698000073432922
0.9178000092506409
0.9477999806404114
0.9580000042915344
0.8234000205993652
0.954800009727478
0.9422000050544739
0.9595999717712402
0.9287999868392944
0.9476000070571899
0.9607999920845032
0.9649999737739563
0.9553999900817871
0.965399980545044
0.9557999968528748
0.9904000163078308
0.8866000175476074
0.9413999915122986
0.9413999915122986
0.9648000001907349
0.9911999702453613
0.9836000204086304
0.8826000094413757
0.6895999908447266
0.9815999865531921
0.9837999939918518
0.9282000064849854
0.9031999707221985
0.7753999829292297
0.9747999906539917
0.8235999941825867
0.9545999765396118
