0.16300000250339508
0.0
0.0
0.7275999784469604
0.6741999983787537
0.8407999873161316
0.8966000080108643
0.41600000858306885
0.7922000288963318
0.8730000257492065
0.8844000101089478
0.3781999945640564
0.9043999910354614
0.9377999901771545
0.4652000069618225
0.8960000276565552
0.9684000015258789
0.868399977684021
0.7973999977111816
0.4185999929904938
0.3041999936103821
0.9147999882698059
0.5559999942779541
0.274399995803833
0.9241999983787537
0.9236000180244446
0.946399986743927
0.9075999855995178
0.9287999868392944
0.6154000163078308
0.3919999897480011
0.9394000172615051
0.676800012588501
0.9362000226974487
0.7947999835014343
0.942799985408783
0.9401999711990356
0.9401999711990356
0.9624000191688538
0.8485999703407288
0.9455999732017517
0.9811999797821045
0.98580002784729
0.47099998593330383
0.8948000073432922
0.974399983882904
0.9236000180244446
0.9771999716758728
0.9535999894142151
0.9675999879837036
0.7612000107765198
