0.3384000062942505
0.0
0.0
0.6525999903678894
0.7440000176429749
0.15199999511241913
0.041200000792741776
0.6349999904632568
0.9016000032424927
0.7778000235557556
0.8202000260353088
0.9646000266075134
0.5985999703407288
0.8241999745368958
0.9391999840736389
0.4359999895095825
0.33320000767707825
0.32120001316070557
0.9223999977111816
0.9652000069618225
0.9509999752044678
0.7874000072479248
0.9172000288963318
0.9706000089645386
0.7148000001907349
0.8876000046730042
0.49239999055862427
0.9258000254631042
0.892799973487854
0.9383999705314636
0.9345999956130981
0.8626000285148621
0.9405999779701233
0.8970000147819519
0.7035999894142151
0.9193999767303467
0.9128000140190125
0.9128000140190125
0.5676000118255615
0.4262000024318695
0.33500000834465027
0.25859999656677246
0.16459999978542328
0.9002000093460083
0.6895999908447266
0.5658000111579895
0.967199981212616
0.7864000201225281
0.618399977684021
0.920799970626831
0.9649999737739563
