0.12545017898082733
0.2833133339881897
0.2833133339881897
0.5312125086784363
0.6968787312507629
0.6356542706489563
0.6404561996459961
0.6296518445014954
0.7256903052330017
0.8415366411209106
0.8559423685073853
0.6170468330383301
0.8241296410560608
0.7773109078407288
0.7442977428436279
0.7394958138465881
0.6956782937049866
0.7058823704719543
0.860744297504425
0.6818727254867554
0.6722689270973206
0.8847538828849792
0.7719087600708008
0.6266506314277649
0.866746723651886
0.9075630307197571
0.7839135527610779
0.9099639654159546
0.9213685393333435
0.8025209903717041
0.7172869443893433
0.89555823802948
0.8301320672035217
0.918367326259613
0.8175269961357117
0.9123649597167969
0.9165666103363037
0.9165666103363037
0.8157262802124023
0.7316926717758179
0.7533013224601746
0.7160864472389221
0.6398559212684631
0.8049219846725464
0.8337334990501404
0.8001200556755066
0.9177671074867249
0.8211284279823303
0.8349339962005615
0.9003601670265198
0.8805522322654724
